
G = 6.67384e-11;
M = 5.97219e24;
r = 6.371e6;

g = G*M/r^2;
